20081108,120000,15490
20081108,130000,16614
20081103,230000,57986
20081105,230000,146338
20081106,150000,66343
20081106,000001,137243
20081106,030000,106010
20081106,230001,69474
20081109,120000,12011
20081106,040000,104053
20081107,130000,25703
20081102,100000,4776
20081107,230000,39876
20081103,180001,28000
20081109,210000,24953
20081105,030000,84597
20081108,060001,26226
20081108,020000,33525
20081109,180000,24768
20081107,040000,52846
20081101,190000,12884
20081103,150000,20199
20081106,140000,62002
20081107,210000,46859
20081104,200000,70110
20081105,110001,107559
20081104,130000,33654
20081105,160000,183432
20081109,030000,26411
20081104,140000,47279
20081108,170000,27073
20081107,080000,26567
20081101,010000,8653
20081109,170001,22901
20081104,090000,23718
20081104,190000,73234
20081109,010000,27393
20081105,020000,66924
20081109,200000,26334
20081101,140000,8052
20081109,190000,25547
20081106,130000,50010
20081109,090000,12610
20081103,020000,17179
20081105,220000,152427
20081102,170000,13803
20081102,180001,14004
20081103,120001,9116
20081101,160000,10403
20081101,130000,5737
20081106,170001,69932
20081102,210000,16353
20081102,090000,5075
20081103,000001,18371
20081102,010000,13462
20081107,160000,39994
20081106,190000,79589
20081107,200000,43678
20081105,180000,194177
20081106,050001,92797
20081107,000000,61959
20081107,010000,56571
20081108,150000,23041
20081104,030000,49080
20081102,160000,12420
20081108,070000,22313
20081101,050001,6768
20081103,060001,11982
20081109,000000,28614
20081107,220000,42385
20081102,060001,8690
20081107,100000,23646
20081104,120001,27418
20081105,210000,165855
20081105,200000,176387
20081104,160000,61754
20081105,170001,190601
20081106,020000,119911
20081109,140000,15406
20081109,150000,18226
20081104,000001,51494
20081109,020000,26320
20081109,060000,19188
20081106,060000,75462
20081103,050000,14726
20081109,100000,11333
20081103,010000,17086
20081108,040000,31372
20081106,090000,48482
20081102,000001,12573
20081107,150000,37552
20081101,150000,8925
20081101,110000,3881
20081102,230000,18392
20081108,200000,28579
20081101,090000,3494
20081103,100000,7910
20081108,100000,14814
20081108,160000,24779
20081104,010000,57500
20081103,070000,9936
20081101,030000,8450
20081102,150000,10847
20081103,200000,30069
20081102,190000,15358
20081107,030000,51783
20081107,170000,41371
20081101,220000,12493
20081103,040000,17572
20081105,100000,116329
20081102,200000,16429
20081107,110001,21438
20081104,150000,55545
20081101,080000,3866
20081105,000001,65102
20081103,080000,8438
20081105,150000,185126
20081109,160000,19908
20081104,020000,49896
20081103,110000,8312
20081102,040000,11507
20081106,110001,44245
20081103,130000,11581
20081102,130000,6853
20081107,060000,37382
20081101,180000,12383
20081105,040000,103158
20081107,090000,23144
20081107,120000,23256
20081101,210000,12085
20081103,030000,17003
20081101,230000,12168
20081101,020000,8332
20081108,220000,27909
20081104,080000,25354
20081108,190000,28144
20081102,080000,5691
20081106,010000,128245
20081102,050000,9582
20081107,020000,53169
20081102,070000,6833
20081101,040000,8112
20081105,080000,148566
20081107,180001,43355
20081105,070000,206027
20081103,190000,28963
20081101,200000,12663
20081104,070000,28872
20081104,110000,24721
20081108,030000,33582
20081109,040000,26280
20081103,160000,23281
20081106,100000,46259
20081106,200000,77566
20081108,110001,14938
20081104,170000,65125
20081108,010000,35939
20081101,000001,9327
20081101,070000,4616
20081109,070000,17011
20081103,220000,36323
20081108,230001,27744
20081108,080000,17642
20081104,100000,24158
20081101,100000,3498
20081106,120000,45996
20081109,130000,13476
20081102,140000,8883
20081105,120000,115840
20081103,140000,16352
20081106,080000,52340
20081102,220000,16624
20081102,020000,15005
20081108,180001,27544
20081103,170000,27130
20081101,170001,11384
20081107,140000,31598
20081105,010000,58838
20081105,060000,384461
20081108,140000,21227
20081109,230001,25664
20081104,180001,70140
20081101,060000,5742
20081104,210000,69539
20081107,190000,44672
20081104,040000,49476
20081104,050000,40652
20081108,050000,28686
20081109,080000,13258
20081103,210000,28704
20081106,180000,75001
20081106,160000,67157
20081102,120001,5248
20081107,050001,47088
20081105,130000,137440
20081106,210000,78154
20081102,030000,13454
20081105,140000,167122
20081104,220000,68586
20081109,110001,11795
20081102,110000,5033
20081105,190000,189428
20081108,090000,15648
20081106,070000,62100
20081107,070000,31078
20081105,050001,371500
20081106,220000,75583
20081105,090000,123849
20081108,000001,37928
20081104,230000,67957
20081109,220000,25062
20081103,090000,7923
20081104,060001,33456
20081108,210000,28081
20081101,120001,4706
20081109,050001,23003
